../map/Jeromin
2
2
Raff
16711935
1
0
3
1
3
0
Loic
65280
34
8
3
1
3
0
2;0;3;0;4;0;5;0;6;0;7;0;8;0;9;0;10;0;11;0;12;0;13;0;14;0;15;0;16;0;17;0;18;0;19;0;20;0;21;0;22;0;23;0;24;0;25;0;26;0;27;0;28;0;29;0;30;0;31;0;32;0;33;0;34;0;2;1;4;1;6;1;8;1;10;1;12;1;14;1;16;1;18;1;20;1;22;1;24;1;26;1;28;1;30;1;32;1;34;1;0;2;1;2;2;2;3;2;4;2;5;2;6;2;7;2;8;2;9;2;10;2;11;2;12;2;13;2;14;2;15;2;16;2;17;2;18;2;19;2;20;2;21;2;22;2;23;2;24;2;25;2;26;2;27;2;28;2;29;2;30;2;31;2;32;2;33;2;34;2;0;3;30;3;32;3;34;3;0;4;1;4;2;4;3;4;4;4;5;4;6;4;7;4;8;4;9;4;10;4;11;4;12;4;13;4;14;4;15;4;16;4;17;4;18;4;19;4;20;4;21;4;22;4;23;4;24;4;25;4;26;4;27;4;28;4;29;4;30;4;31;4;32;4;33;4;34;4;0;5;30;5;32;5;34;5;0;6;1;6;2;6;3;6;4;6;5;6;6;6;7;6;8;6;9;6;10;6;11;6;12;6;13;6;14;6;15;6;16;6;17;6;18;6;19;6;20;6;21;6;22;6;23;6;24;6;25;6;26;6;27;6;28;6;29;6;30;6;31;6;32;6;33;6;34;6;0;7;2;7;4;7;6;7;8;7;10;7;12;7;14;7;16;7;18;7;20;7;22;7;24;7;26;7;28;7;30;7;32;7;0;8;1;8;2;8;3;8;4;8;5;8;6;8;7;8;8;8;9;8;10;8;11;8;12;8;13;8;14;8;15;8;16;8;17;8;18;8;19;8;20;8;21;8;22;8;23;8;24;8;25;8;26;8;27;8;28;8;29;8;30;8;31;8;32;8;